-571.1551746640281 -299.96875442270084 -0.273150149879811 -0.4957627140422488 -0.8482584958741121 0 1 
-482.29511366588844 -289.03285517671696 0.27827533897360124 -0.38326051216209545 -0.2842324857709457 0 1 
-354.1411013432068 -362.24135459298327 0.315094116874191 -0.056074718122081486 0.06810426560193578 0 1 
-576.7391020265104 -378.4655067408764 0.05679049631671873 -0.09585336016241695 -0.7866930787494509 0 1 
-250.82533558123657 -448.2433889622284 -0.1860839525834963 0.18909202733662717 0.5846964802636467 0 1 
-505.9751439008525 -466.92372052975145 0.8402686794368033 0.2097014730056924 -0.3320667709757637 0 1 
-311.65527827620747 -345.91234596613026 -0.9191762091929532 -0.1400694298371398 0.2287840917120114 0 1 
-316.06806873198707 -478.7744270226026 0.4476361768152013 0.22669026168028944 0.24153208321043917 0 1 
-359.9038895229123 -399.6414192348514 0.6559815718051916 -0.00035945672277680967 0.04019405910469984 0 1 
-342.8985680642056 -511.7411636882406 -0.012390744753992378 0.3505479568007326 0.17913533056927836 0 1 
-497.2651365708149 -410.0588851161633 0.4044987558013844 0.024589921373654233 -0.23777407069008702 0 1 
-502.4065791002056 -330.798604933183 0.136835471280347 -0.2138251757986361 -0.31642577086626333 0 1 
-473.68019768638345 -447.17949270236875 -0.049974238164871565 0.10319453151822787 -0.1611588647292728 0 1 
-442.3604029199224 -465.6853823819656 0.9053767720785444 0.12834910685195813 -0.08277214326080969 0 1 
-528.7892186204662 -520.6559545390596 -0.47292310463289167 0.5323283609414355 -0.5682119371320942 0 1 
-347.5733028946816 -222.15868447140218 0.7720677308784205 -0.8243296534584161 0.24300810488464342 0 1 
-215.1472165132045 -459.7832641057887 -0.23498954631645308 0.2903668207600952 0.8978284450098765 0 1 
-452.8132120081291 -345.4923680831664 -0.10997601871284735 -0.10342380855567367 -0.10020878427213556 0 1 
-359.745473329158 -286.7748029879875 0.7101469085273475 -0.34015141872859134 0.12093274923497918 0 1 
-394.61066660527865 -580.6970348012235 -0.5812238499984324 0.8166484403753549 0.02435674008875438 0 1 
-433.33241180266964 -243.4834187091186 -0.7153770654799074 -0.6261701297945893 -0.13335175386980122 0 1 
-541.351030261411 -469.7761486912002 -0.12896923491324053 0.27497925402720497 -0.5570470939758468 0 1 
-366.6774744606473 -542.195785319723 0.7354594930267779 0.5191854189079685 0.12166724451305283 0 1 
-308.8428624529333 -391.0618478697561 -0.5396073753842048 -0.02046709285795932 0.2087368363902162 0 1 
-298.67937804936446 -487.88885141998605 0.3523559647819745 0.29470888226722136 0.3397482930229905 0 1 
-595.3912490170627 -383.17704795335794 0.3673452319700199 -0.08248046503321642 -0.9579746192978744 0 1 
-555.5086293060613 -344.4712541791988 0.9168126262511243 -0.22923006528903242 -0.6419603526410428 0 1 
-416.4567545557473 -270.09264569275746 -0.961922235998294 -0.425269853246958 -0.05387348262279004 0 1 
-467.0820226921924 -318.2642131875355 0.7856541352746991 -0.21606651381083897 -0.1773296538484081 0 1 
-489.14374923350977 -557.1364025499807 0.7000619442478027 0.7097111440921509 -0.40262034277547337 0 1 
-359.3464164245418 -385.1841538030495 0.2759392817471582 -0.016026743112708165 0.0439761949411291 0 1 
-340.5264636347128 -282.06518987699513 0.6131189666644015 -0.38942737910797115 0.19638496359861946 0 1 
-234.5929826867084 -442.2708988041277 0.8513977727984474 0.18041526592889293 0.7059691622210901 0 1 
-341.2152158506061 -256.1176230051624 -0.2354445933529299 -0.5590828968464987 0.22841968626858636 0 1 
-339.73161748416715 -353.47484649634396 -0.42122866302193107 -0.08855733180671813 0.11471659405679147 0 1 
-306.32696879580055 -312.66539714571087 0.08022952537421846 -0.2796239459777807 0.2999180366196815 0 1 
-337.99780975939774 -279.07718354711244 -0.5480982736173465 -0.41081067800450033 0.21063983256153798 0 1 
-517.0917020207006 -555.6294396991182 -0.8098851037200467 0.7577550630804089 -0.5701159769155885 0 1 
-560.1233234190407 -324.3698895192816 -0.3424365789897066 -0.33482552820483313 -0.708889303491923 0 1 
-360.9015620378542 -216.9739423279484 -0.9794264936685073 -0.8563588768768144 0.18293730874592173 0 1 
-396.03757096074116 -365.9779453995552 0.8136058789340392 -0.02913310446428114 0.003393030211982543 0 1 
-382.65017123009346 -586.9215326215694 0.7468488064370524 0.8772461214058067 0.08142491548188333 0 1 
553.5999776034796 518.8023381316466 0.6450634771762203 -0.5767341813493245 0.7456617330229104 0 1 
381.9702747219895 513.498926950152 0.8831369643004527 -0.32608823192606756 -0.05180032442598612 0 1 
339.37186080196716 535.9147609108294 -0.15026801692159863 -0.5056845795390209 -0.22557310827118301 0 1 
287.8978646918378 275.2918898644053 -0.37728419868310414 0.5227988863340682 -0.4699523666187801 0 1 
564.5513679521378 416.61741086675414 -0.1620865206325275 -0.0687081349262751 0.6803717909014434 0 1 
510.78161217854137 372.25301384734587 -0.5629549172931547 0.0792201383956113 0.3162914559509198 0 1 
397.32731942530336 416.63435572921264 0.9016166289316043 -0.007006266081463877 -0.0011257130460544022 0 1 
251.83176893715353 519.905630346795 -0.23253087308589837 -0.5713725422075914 -0.7060490705225946 0 1 
285.3525307872399 300.79282828472884 0.4528001909653674 0.37602417877523675 -0.43454741944579905 0 1 
248.67764683190745 339.1859584824367 0.24781066421116926 0.247946845174777 -0.6169611348986912 0 1 
419.700416389275 280.18675955701485 0.5359582122168012 0.3636992905684973 0.059801633260164584 0 1 
491.1462933033289 420.75250505383735 -0.9954922883867436 -0.04849805721500579 0.21300648457103555 0 1 
527.6773340499794 271.2912826707745 -0.699465636603898 0.5833522548981819 0.578677670502523 0 1 
538.9483132661694 362.13659596233526 0.8066775142760421 0.13632229194865877 0.5002654412160639 0 1 
458.59313297472266 563.4115310404834 0.8177285153269949 -0.709200440468605 0.254292187641362 0 1 
363.6413679493596 218.73427690513213 -0.4911520752128964 0.8377929907183501 -0.16804615105411783 0 1 
221.5103788539202 420.54881662456205 0.031003824532393143 -0.09229941770808038 -0.8017244204236579 0 1 
466.36040337042914 486.68897699864925 0.15119322609660002 -0.2366017761562549 0.18111863638826542 0 1 
432.3592614922741 215.72927396439786 0.48221737686448396 0.8618821515315882 0.15135268914904026 0 1 
446.067795155828 353.1556829153879 -0.299554866433533 0.07694305454279701 0.07566759632633512 0 1 
397.01966601768254 222.24389572300512 -0.27611961724420864 0.7900418372745365 -0.013246175396669923 0 1 
228.3996909983321 457.609961010069 -0.4242210255313401 -0.260703269634703 -0.77654559806491 0 1 
391.2836391529361 570.7440821160574 0.2927788247854872 -0.7297876083488525 -0.037255125081059194 0 1 
285.1242514962311 478.51957990884114 -0.8539958995129171 -0.273143213800354 -0.3996140984257558 0 1 
311.41986147691523 373.9997630038681 0.06655651484436786 0.060006684192076984 -0.20443661335994606 0 1 
504.23715067387957 500.5814178630004 -0.6830907198339116 -0.36423464914688297 0.3774731238675216 0 1 
335.3490857472014 477.7005138899496 0.7057157440380784 -0.19634866216434016 -0.16337241397421998 0 1 
518.1983665007068 492.19312153820965 -0.40209104292635534 -0.3454969172844601 0.4429524738147405 0 1 
308.268683723749 257.2922590256058 -0.6567639193024952 0.6052488094284071 -0.3890487620672482 0 1 
444.9269976087859 488.98344889396736 0.2400578143914336 -0.2217510717809381 0.11196025772747192 0 1 
313.6334222156771 350.24343774933664 0.11904666547204301 0.12398585825243316 -0.21521250236238007 0 1 
556.5519502660189 392.3375640658916 -0.8368987537290966 0.030025132048668326 0.6134463008415013 0 1 
479.7383910964055 255.22859709594323 -0.63115049848367 0.5981898715694288 0.32947596674684904 0 1 
290.582334958831 504.5953172370162 0.05911885829037411 -0.395810760254423 -0.4140595423318052 0 1 
